1 0.136641 0.203730 0.038168 0.014347
1 0.078626 0.258250 0.013740 0.037303
1 0.077863 0.296987 0.012214 0.037303
1 0.136641 0.352941 0.041221 0.011478
1 0.261832 0.351506 0.041221 0.011478
1 0.335878 0.349354 0.012214 0.012912
0 0.360305 0.361549 0.030534 0.031564
1 0.383969 0.350072 0.010687 0.011478
1 0.456489 0.350789 0.048855 0.010043
1 0.538168 0.303443 0.013740 0.024390
1 0.224427 0.041607 0.048855 0.014347
1 0.466412 0.041607 0.047328 0.011478
0 0.170229 0.180057 0.035115 0.024390
1 0.181679 0.136298 0.012214 0.045911
1 0.183969 0.083214 0.013740 0.045911
0 0.336641 0.238881 0.035115 0.027260
0 0.383969 0.203730 0.032061 0.028694
0 0.415267 0.142755 0.030534 0.024390
0 0.506107 0.147059 0.025954 0.024390
0 0.414504 0.238164 0.032061 0.028694
1 0.230534 0.578910 0.027481 0.015782
0 0.302290 0.567432 0.027481 0.038737
1 0.355725 0.579627 0.048855 0.011478
1 0.460305 0.581062 0.050382 0.014347
0 0.249618 0.642037 0.025954 0.027260
0 0.249618 0.678623 0.025954 0.028694
0 0.417557 0.682209 0.029008 0.024390
0 0.482443 0.755380 0.024427 0.030129
0 0.545038 0.714491 0.036641 0.020086
1 0.530534 0.832138 0.013740 0.045911
1 0.440458 0.887374 0.032061 0.010043
1 0.327481 0.888092 0.010687 0.011478
1 0.376336 0.888092 0.013740 0.008608
1 0.253435 0.885940 0.039695 0.012912
1 0.126718 0.886657 0.039695 0.014347
0 0.297710 0.776184 0.030534 0.025825
0 0.284733 0.601148 0.029008 0.022956
0 0.376336 0.776901 0.032061 0.024390
0 0.472519 0.835007 0.029008 0.022956
0 0.351145 0.899570 0.027481 0.040172
0 0.647328 0.602582 0.030534 0.034433
0 0.722137 0.603300 0.027481 0.030129
0 0.729008 0.633429 0.035115 0.027260
1 0.874809 0.550933 0.015267 0.025825
1 0.874809 0.619082 0.009160 0.027260
1 0.872519 0.687231 0.013740 0.025825
1 0.872519 0.757532 0.013740 0.025825
