0 0.057711 0.399705 0.045587 0.058997
0 0.289525 0.400442 0.035887 0.069322
0 0.424830 0.194690 0.040737 0.070796
1 0.484966 0.225664 0.067895 0.011799
1 0.557711 0.134218 0.040737 0.011799
1 0.607177 0.132743 0.042677 0.014749
1 0.654704 0.133481 0.040737 0.019174
1 0.701746 0.129056 0.041707 0.025074
1 0.878274 0.132743 0.084384 0.014749
0 0.338991 0.401917 0.037827 0.063422
0 0.415131 0.475664 0.034918 0.069322
0 0.396702 0.642330 0.044617 0.081121
0 0.307468 0.777286 0.046557 0.079646
0 0.393307 0.778024 0.051406 0.075221
1 0.106208 0.514012 0.047527 0.013274
1 0.153249 0.511799 0.044617 0.020649
0 0.585839 0.637906 0.044617 0.072271
0 0.638700 0.638643 0.035887 0.064897
1 0.508729 0.871681 0.092144 0.017699
1 0.669738 0.873156 0.070805 0.017699
1 0.771096 0.873894 0.044617 0.016224
1 0.877789 0.873156 0.071775 0.011799
0 0.722599 0.800147 0.034918 0.045723
0 0.809408 0.744100 0.039767 0.042773
0 0.850630 0.640855 0.040737 0.069322
0 0.868089 0.522124 0.042677 0.041298
0 0.848691 0.413717 0.034918 0.069322
1 0.973327 0.505162 0.010669 0.069322
1 0.226479 0.302360 0.010669 0.067847
1 0.229389 0.418879 0.010669 0.085546
1 0.359360 0.476401 0.012609 0.053097
