1 0.149263 0.247993 0.033081 0.019625
0 0.186130 0.229260 0.021523 0.048171
1 0.210044 0.220339 0.019131 0.037467
1 0.236947 0.199822 0.025110 0.014273
1 0.263651 0.202498 0.023515 0.014273
1 0.289956 0.208742 0.011558 0.060660
1 0.347549 0.247101 0.031885 0.017841
0 0.379434 0.415254 0.020725 0.047279
0 0.151455 0.415700 0.017537 0.044603
0 0.151455 0.464764 0.020725 0.044603
0 0.149861 0.502230 0.022320 0.053524
1 0.108808 0.483943 0.010363 0.040143
1 0.109805 0.549509 0.008370 0.041035
0 0.100239 0.641838 0.026704 0.047279
0 0.086489 0.735058 0.024711 0.060660
1 0.154045 0.709188 0.034675 0.017841
1 0.252690 0.707404 0.031885 0.019625
0 0.365285 0.673952 0.021124 0.056200
1 0.065564 0.632471 0.009167 0.055308
1 0.327222 0.762712 0.008768 0.055308
1 0.345357 0.820696 0.009167 0.014273
0 0.366281 0.842105 0.023117 0.053524
0 0.369071 0.730598 0.022320 0.048171
0 0.184735 0.637823 0.022718 0.044603
1 0.386210 0.818912 0.011957 0.014273
0 0.368872 0.785013 0.020327 0.033898
0 0.446393 0.709188 0.032682 0.016057
0 0.472300 0.550847 0.015943 0.038359
0 0.388003 0.565566 0.015544 0.035682
1 0.405739 0.734166 0.007174 0.024978
0 0.498406 0.475468 0.024312 0.048171
0 0.407732 0.507136 0.024711 0.041927
0 0.403149 0.417930 0.022718 0.047279
0 0.395576 0.211864 0.036269 0.038359
1 0.445795 0.202052 0.031487 0.020517
0 0.797529 0.446476 0.016740 0.031222
1 0.544639 0.459857 0.005978 0.061552
0 0.840972 0.487511 0.022320 0.043711
0 0.935432 0.422837 0.023914 0.051740
1 0.925867 0.486173 0.007971 0.055308
