0 0.320933 0.363636 0.062500 0.111888
0 0.248016 0.489510 0.063492 0.097902
0 0.421131 0.793706 0.060516 0.083916
0 0.434524 0.880245 0.065476 0.113636
0 0.436012 0.968531 0.076389 0.062937
1 0.871528 0.762238 0.016865 0.132867
1 0.871528 0.918706 0.014881 0.127622
0 0.893353 0.431818 0.070437 0.090909
1 0.870040 0.245629 0.015873 0.246503
0 0.449901 0.475524 0.048611 0.087413
0 0.538690 0.496503 0.069444 0.097902
1 0.064980 0.237762 0.010913 0.174825
1 0.066964 0.578671 0.012897 0.136364
1 0.062996 0.712413 0.014881 0.089161
1 0.062996 0.794580 0.010913 0.033217
