1 0.153069 0.109413 0.062160 0.008045
1 0.452214 0.191070 0.017094 0.102172
0 0.089355 0.260257 0.023310 0.024940
0 0.150738 0.287611 0.017094 0.012068
0 0.337218 0.298874 0.040404 0.052293
0 0.205128 0.165728 0.031080 0.032180
0 0.238539 0.174578 0.038850 0.025744
0 0.290210 0.166935 0.033411 0.034594
0 0.116162 0.334674 0.038073 0.043443
0 0.205905 0.345937 0.034188 0.038616
0 0.214064 0.334272 0.041181 0.042639
0 0.098291 0.352776 0.039627 0.042639
0 0.097125 0.401046 0.038850 0.041030
1 0.342269 0.469831 0.123543 0.017699
1 0.072650 0.450925 0.008547 0.140788
1 0.134810 0.496782 0.008547 0.036203
1 0.554779 0.294851 0.009324 0.061947
1 0.556333 0.423170 0.010878 0.096541
1 0.585859 0.476669 0.065268 0.007241
1 0.682984 0.477474 0.048174 0.005632
0 0.599068 0.356396 0.027972 0.032180
0 0.567599 0.400241 0.027195 0.026549
0 0.569930 0.430410 0.025641 0.025744
0 0.650738 0.344730 0.039627 0.037812
0 0.711344 0.337490 0.027195 0.031376
0 0.746698 0.353982 0.031080 0.033789
0 0.743590 0.328640 0.012432 0.020113
0 0.781274 0.343524 0.039627 0.040225
1 0.937451 0.289622 0.008547 0.091714
0 0.688423 0.229284 0.013986 0.019308
0 0.681041 0.235318 0.028749 0.029767
0 0.774281 0.231295 0.027195 0.021722
0 0.452991 0.755833 0.026418 0.031376
0 0.453380 0.810137 0.027195 0.033789
1 0.484848 0.916331 0.051282 0.008045
1 0.367910 0.666130 0.019425 0.035398
