0 0.238117 0.446475 0.055759 0.044386
0 0.342779 0.451697 0.056673 0.041775
0 0.344607 0.135117 0.053016 0.037859
0 0.647623 0.494125 0.031993 0.045692
0 0.692870 0.498042 0.036563 0.030026
1 0.687386 0.160574 0.107861 0.039164
1 0.033364 0.321149 0.030165 0.154047
1 0.033364 0.548956 0.031993 0.150131
1 0.027879 0.748695 0.024680 0.105744
1 0.822669 0.725196 0.010969 0.238903
1 0.820384 0.933420 0.015539 0.122715
0 0.567642 0.979112 0.020110 0.041775
0 0.344150 0.831593 0.068556 0.049608
0 0.315814 0.751958 0.024680 0.062663
0 0.341865 0.917102 0.058501 0.040470
0 0.367459 0.975196 0.027422 0.049608
0 0.016453 0.939295 0.031079 0.074413
0 0.829068 0.558094 0.023766 0.066580
1 0.457038 0.149478 0.175503 0.027415
