0 0.184968 0.483871 0.030917 0.048387
0 0.135928 0.675403 0.024520 0.052419
1 0.173774 0.866935 0.070362 0.040323
1 0.321962 0.863911 0.072495 0.026210
1 0.429638 0.871976 0.036247 0.030242
1 0.594883 0.868952 0.038380 0.024194
0 0.647122 0.776210 0.040512 0.072581
0 0.654584 0.563508 0.027719 0.070565
0 0.711087 0.586694 0.040512 0.056452
0 0.839552 0.769153 0.045842 0.106855
0 0.888593 0.769153 0.047974 0.106855
1 0.931237 0.394153 0.009595 0.034274
1 0.545309 0.196573 0.082090 0.038306
1 0.155650 0.292339 0.072495 0.032258
1 0.269190 0.294355 0.054371 0.036290
0 0.283049 0.247984 0.033049 0.060484
0 0.293177 0.406250 0.023454 0.046371
0 0.433902 0.342742 0.025586 0.052419
0 0.317697 0.293347 0.021322 0.042339
0 0.554371 0.662298 0.025586 0.066532
0 0.590085 0.710685 0.039446 0.070565
