1 0.051396 0.153025 0.013959 0.032028
0 0.135787 0.159253 0.035533 0.040925
1 0.145305 0.089858 0.021574 0.019573
1 0.306472 0.087189 0.021574 0.021352
1 0.328046 0.152135 0.013959 0.101423
0 0.303299 0.278470 0.038071 0.058719
1 0.366117 0.304270 0.049492 0.017794
1 0.425127 0.301601 0.053299 0.023132
1 0.458756 0.349644 0.021574 0.072954
0 0.492386 0.373665 0.038071 0.056940
1 0.545051 0.395907 0.057107 0.019573
1 0.615482 0.393238 0.076142 0.024911
1 0.051396 0.228648 0.016497 0.037367
1 0.055838 0.364769 0.017766 0.074733
0 0.099619 0.328292 0.034264 0.044484
0 0.144036 0.325623 0.031726 0.049822
0 0.149112 0.419929 0.031726 0.039146
0 0.039340 0.532028 0.040609 0.049822
0 0.142132 0.491103 0.043147 0.056940
0 0.265863 0.529359 0.039340 0.055160
0 0.037437 0.677936 0.046954 0.056940
0 0.362310 0.717082 0.039340 0.053381
0 0.458122 0.709964 0.035533 0.056940
0 0.625000 0.707295 0.034264 0.055160
0 0.306472 0.774911 0.041878 0.065836
0 0.277919 0.879004 0.043147 0.106762
1 0.368020 0.898577 0.025381 0.017794
1 0.495558 0.899466 0.077411 0.023132
1 0.664975 0.896797 0.083756 0.021352
1 0.149112 0.824733 0.082487 0.019573
1 0.836294 0.894128 0.114213 0.019573
1 0.926396 0.638790 0.012690 0.067616
0 0.792513 0.513345 0.041878 0.055160
0 0.789340 0.367438 0.032995 0.051601
1 0.841371 0.387900 0.050761 0.014235
